##FastQC	0.10.1
>>Basic Statistics	pass
#Measure	Value	
Filename	AdaptersRemoved.fq	
File type	Conventional base calls	
Encoding	Sanger / Illumina 1.9	
Total Sequences	111654267	
Filtered Sequences	0	
Sequence length	41-50	
%GC	39	
>>END_MODULE
>>Per base sequence quality	pass
#Base	Mean	Median	Lower Quartile	Upper Quartile	10th Percentile	90th Percentile
1	30.434912245673512	31.0	30.0	34.0	25.0	34.0
2	29.92718880148127	31.0	30.0	34.0	23.0	34.0
3	29.299586087471248	31.0	28.0	34.0	16.0	34.0
4	34.12351784101543	35.0	33.0	37.0	28.0	37.0
5	35.4487431814854	37.0	35.0	37.0	33.0	37.0
6	35.80896261671755	37.0	35.0	37.0	35.0	37.0
7	35.94760907794057	37.0	35.0	37.0	35.0	37.0
8	36.01746096277718	37.0	35.0	37.0	35.0	37.0
9	37.842528454376044	39.0	38.0	39.0	35.0	39.0
10	37.80914268148838	39.0	38.0	39.0	35.0	39.0
11	37.79105338625348	39.0	38.0	39.0	35.0	39.0
12	37.7398496467672	39.0	37.0	39.0	35.0	39.0
13	37.735652879258076	39.0	37.0	39.0	35.0	39.0
14	39.11858852649134	40.0	39.0	41.0	36.0	41.0
15	39.11688974681102	40.0	39.0	41.0	36.0	41.0
16	39.08293181486741	40.0	38.0	41.0	36.0	41.0
17	39.082704962811675	40.0	38.0	41.0	36.0	41.0
18	39.06262924998648	40.0	38.0	41.0	36.0	41.0
19	39.1431766776992	40.0	39.0	41.0	36.0	41.0
20	39.09007270631224	40.0	39.0	41.0	36.0	41.0
21	39.05130515970339	40.0	39.0	41.0	35.0	41.0
22	39.05341208321219	40.0	39.0	41.0	35.0	41.0
23	39.01823494125845	40.0	39.0	41.0	35.0	41.0
24	38.985302953088215	40.0	38.0	41.0	35.0	41.0
25	38.849020288673785	40.0	38.0	41.0	35.0	41.0
26	38.85163327434678	40.0	38.0	41.0	35.0	41.0
27	38.86735916684671	40.0	38.0	41.0	35.0	41.0
28	38.824106892394894	40.0	38.0	41.0	35.0	41.0
29	38.769019799306015	40.0	38.0	41.0	34.0	41.0
30	38.75273283554851	40.0	38.0	41.0	34.0	41.0
31	38.71013194686057	40.0	38.0	41.0	34.0	41.0
32	38.65745906513362	40.0	38.0	41.0	34.0	41.0
33	38.570446734471865	40.0	38.0	41.0	34.0	41.0
34	38.530256689607754	40.0	38.0	41.0	34.0	41.0
35	38.5345641380638	40.0	38.0	41.0	34.0	41.0
36	38.44040131489108	40.0	38.0	41.0	34.0	41.0
37	38.429141342175484	40.0	38.0	41.0	34.0	41.0
38	38.396925502184345	40.0	38.0	41.0	34.0	41.0
39	38.358167413342116	40.0	38.0	41.0	34.0	41.0
40	38.21060748175437	40.0	38.0	41.0	33.0	41.0
41	38.207080773724485	40.0	37.0	41.0	33.0	41.0
42	38.142487024853416	40.0	37.0	41.0	33.0	41.0
43	38.11954670774799	40.0	37.0	41.0	33.0	41.0
44	38.09028901600263	40.0	37.0	41.0	33.0	41.0
45	38.054961788114944	40.0	37.0	41.0	33.0	41.0
46	38.29116639098169	40.0	37.0	41.0	33.0	41.0
47	38.32476354464207	40.0	37.0	41.0	33.0	41.0
48	38.341646908596836	40.0	37.0	41.0	33.0	41.0
49	38.32713021528724	40.0	37.0	41.0	33.0	41.0
50	38.216571884507715	40.0	37.0	41.0	33.0	41.0
>>END_MODULE
>>Per sequence quality scores	pass
#Quality	Count
22	3.0
23	296.0
24	4958.0
25	33859.0
26	119296.0
27	282356.0
28	524412.0
29	859246.0
30	1315243.0
31	1932086.0
32	2487283.0
33	3233605.0
34	4280897.0
35	5852143.0
36	8513054.0
37	1.317184E7
38	2.2706734E7
39	4.6336956E7
>>END_MODULE
>>Per base sequence content	fail
#Base	G	A	T	C
1	29.47058709363969	15.54821008318473	24.45296246492756	30.52824035824802
2	16.928911458439828	19.43957054502897	32.12564191568245	31.50587608084875
3	22.234455222387513	23.954880291319274	25.88576664069632	27.92489784559689
4	21.528826121799717	27.08733200496493	27.205374963412726	24.17846690982262
5	19.670223619846073	25.02937751586332	25.769285646736634	29.531113217553965
6	0.1849199368260597	0.24242423265382235	99.0749650436557	0.49769078686441964
7	27.373380186177748	24.478495747950234	20.906627778049895	27.24149628782212
8	17.445182815986783	26.840444888684818	43.15174358719314	12.562628708135264
9	19.234011002911338	27.400211225245876	36.150724091897	17.21505367994579
10	20.085817230791548	33.49268505788498	30.439020301839427	15.982477409484048
11	23.414917944873526	35.32371225902186	25.59336223128848	15.668007564816131
12	20.173082144724482	37.64999325999785	26.072853982374	16.10407061290367
13	22.965990184683225	26.20933958574104	33.082507272203046	17.74216295737269
14	20.3688516445144	28.669246469550508	31.639399862792526	19.32250202314256
15	21.39866539986331	27.54628714727042	31.830041031929397	19.225006420936875
16	20.630009599185314	35.06433748743342	26.933333412148052	17.372319501233214
17	22.93408276102874	29.853197639101424	25.9758160429283	21.236903556941535
18	20.44636771472424	29.124740033446283	29.760990683858058	20.667901567971427
19	19.640001756493554	30.64589103433011	32.04880651807064	17.6653006911057
20	19.7468100345865	32.020835352400816	30.148537001277344	18.083817611735338
21	20.36434666666165	31.786513810529065	29.252669761380456	18.59646976142882
22	20.04494194565802	32.196280505786675	29.252161943797457	18.506615604757854
23	20.510616043003534	30.634466482145285	29.015357738186577	19.839559736664608
24	20.185123780356733	30.514960077611725	30.815373137508484	18.48454300452306
25	20.70793496857581	31.18049935341925	29.818666043457164	18.292899634547776
26	20.189996858785523	30.159514638164254	31.26449883012532	18.385989672924904
27	21.813690290940695	30.26734482077608	29.330486760528373	18.588478127754847
28	20.299513497321158	30.39746523972971	31.052398561713723	18.250622701235415
29	21.719224577418075	30.60894932031572	29.4578871759554	18.213938926310806
30	20.374757374924148	30.091891606793673	31.491140414723244	18.04221060355893
31	20.897696637066275	30.195214124687237	30.894491475189213	18.01259776305728
32	20.498326320121738	30.154630812273393	31.253770176109796	18.093272691495077
33	22.082341017920974	30.30421846753067	29.407147511881476	18.206293002666886
34	20.579132904969946	31.590590263782754	29.706165192952277	18.124111638295023
35	21.160363714536768	30.14965473733306	30.29684212606044	18.393139422069734
36	20.799650227429282	30.155872144142954	30.69373246613137	18.350745162296395
37	21.114648488982514	29.88379566362654	30.53441746207514	18.467138385315806
38	20.767756238102393	30.12530994449142	30.73882433888532	18.368109478520868
39	20.902988866515955	30.089371326937286	30.312482370243853	18.695157436302903
40	20.835629147966195	30.33881544356921	30.33747021956626	18.488085188898335
41	20.66666023610186	30.26910292644705	30.445902260054243	18.61833457739685
42	20.526291747707255	30.132777116966924	30.753149657174905	18.587781478150916
43	20.536748844713852	30.1229827144014	30.8241924803494	18.516075960535353
44	20.413498884746065	30.272996774209922	30.667155150726305	18.646349190317714
45	20.41996639797102	30.359886873006065	30.50258132647756	18.717565402545354
46	20.43009074198561	30.45504449727155	30.367302566617976	18.74756219412487
47	20.70127234022386	30.0317049238336	30.60084491462246	18.66617782132008
48	20.55659587586122	30.126910193085127	30.607041648155214	18.70945228289844
49	20.49270682624897	30.150278783954466	30.797268647043364	18.559745742753204
50	20.441296653225994	30.248761416527493	30.593533314220984	18.716408616025532
>>END_MODULE
>>Per base GC content	fail
#Base	%GC
1	59.99882745188771
2	48.43478753928858
3	50.159353067984405
4	45.707293031622335
5	49.20133683740004
6	0.6826107236904794
7	54.61487647399987
8	30.007811524122047
9	36.44906468285713
10	36.068294640275596
11	39.08292550968966
12	36.27715275762815
13	40.70815314205591
14	39.69135366765696
15	40.62367182080018
16	38.00232910041853
17	44.170986317970275
18	41.114269282695666
19	37.305302447599246
20	37.83062764632184
21	38.960816428090475
22	38.55155755041588
23	40.35017577966814
24	38.669666784879794
25	39.000834603123586
26	38.57598653171043
27	40.402168418695545
28	38.550136198556565
29	39.93316350372888
30	38.41696797848308
31	38.910294400123554
32	38.591599011616815
33	40.28863402058786
34	38.70324454326497
35	39.55350313660651
36	39.15039538972568
37	39.58178687429832
38	39.135865716623265
39	39.59814630281886
40	39.323714336864526
41	39.284994813498706
42	39.11407322585817
43	39.0528248052492
44	39.05984807506378
45	39.13753180051637
46	39.177652936110476
47	39.367450161543935
48	39.26604815875966
49	39.05245256900217
50	39.15770526925152
>>END_MODULE
>>Per sequence GC content	pass
#GC Content	Count
0	1114.0
1	6902.0
2	12690.0
3	56051.0
4	103142.5
5	135286.5
6	170311.5
7	197114.0
8	220921.5
9	219216.5
10	212663.0
11	205183.5
12	198649.0
13	206605.5
14	214867.5
15	259774.0
16	304809.5
17	402393.0
18	501413.5
19	666671.5
20	833039.0
21	1131253.0
22	1429760.5
23	1763740.0
24	2097581.5
25	2542830.0
26	2981587.5
27	3563276.0
28	4149081.5
29	5013562.0
30	5879083.5
31	6594236.0
32	7308284.0
33	7764489.0
34	8221141.0
35	8660524.0
36	9099768.0
37	9337281.5
38	9575468.5
39	9554507.5
40	9531939.5
41	9339373.5
42	9146857.0
43	8759038.5
44	8370228.0
45	7826559.0
46	7282630.0
47	6674506.0
48	6064835.5
49	5511383.5
50	4957714.0
51	4439091.5
52	3920349.0
53	3458948.0
54	2998350.5
55	2595588.5
56	2192878.5
57	1842356.0
58	1492117.0
59	1214980.5
60	938255.0
61	760198.5
62	582305.0
63	483273.0
64	385288.0
65	314571.5
66	243692.5
67	194960.5
68	146327.0
69	113567.5
70	80801.0
71	60692.5
72	40861.5
73	29029.0
74	17334.5
75	11505.5
76	5781.5
77	3710.5
78	1711.5
79	1158.5
80	613.5
81	440.5
82	268.5
83	172.5
84	85.5
85	47.5
86	10.0
87	6.0
88	1.5
89	1.0
90	1.0
91	1.0
92	1.0
93	1.0
94	0.5
95	1.0
96	2.0
97	10.5
98	19.0
99	26.0
100	33.0
>>END_MODULE
>>Per base N content	pass
#Base	N-Count
1	0.0
2	0.0
3	0.0
4	0.0
5	0.0
6	0.0
7	0.0
8	0.0
9	0.0
10	0.0
11	0.0
12	0.0
13	0.0
14	0.0
15	0.0
16	0.0
17	0.0
18	0.0
19	0.0
20	0.0
21	0.0
22	0.0
23	0.0
24	0.0
25	0.0
26	0.0
27	0.0
28	0.0
29	0.0
30	0.0
31	0.0
32	0.0
33	0.0
34	0.0
35	0.0
36	0.0
37	0.0
38	0.0
39	0.0
40	0.0
41	0.0
42	0.0
43	0.0
44	0.0
45	0.0
46	0.0
47	0.0
48	0.0
49	0.0
50	0.0
>>END_MODULE
>>Sequence Length Distribution	warn
#Length	Count
41	312943.0
42	301085.0
43	305817.0
44	328589.0
45	347849.0
46	0.0
47	0.0
48	0.0
49	0.0
50	1.10057984E8
>>END_MODULE
>>Sequence Duplication Levels	warn
#Total Duplicate Percentage	30.19094587759232
#Duplication Level	Relative count
1	100.0
2	12.582472323437816
3	4.769634857489218
4	2.7756683132102027
5	1.8699532511687207
6	1.37390007872754
7	1.0137041655925816
8	0.8541589738945051
9	0.7343259041474782
10++	13.366960907944515
>>END_MODULE
>>Overrepresented sequences	pass
>>END_MODULE
>>Kmer Content	warn
#Sequence	Count	Obs/Exp Overall	Obs/Exp Max	Max Obs/Exp Position
TTTTT	64490430	4.1314683	6.9638886	37
AAAAA	33349145	3.1882515	4.305982	46
GTTTG	21133870	3.1620069	29.430433	7
CAAAG	14636180	2.9932222	20.818039	9
CACAA	12876845	2.8309553	22.176907	7
CAAAC	12499000	2.7478864	7.26517	9
TTTGA	25649915	2.7205338	21.21658	8
ACAAA	17290430	2.5066948	14.950635	8
AAACA	17118375	2.4817512	5.8188243	10
TTGAG	15273605	2.4756947	16.253891	9
TGTTT	25252120	2.4722612	26.106152	6
TCAAA	18376930	2.4592173	12.309541	6
CCAGC	5141460	2.4179838	50.911953	1
TGTGT	16072450	2.4047275	13.3177595	26
ACACA	10842895	2.3837943	6.2444506	12
AACAC	10739840	2.3611376	6.3496003	11
GTGTT	15645435	2.3408384	13.32188	27
CTGCC	5339355	2.317843	56.82671	1
TGAGG	9190200	2.2765012	11.632688	10
CTCAA	10816485	2.1950173	10.121071	5
CTTTG	13542390	2.1781678	5.0518084	23
TTGTG	14078655	2.1064198	7.165103	3
GGAGC	5046260	2.053582	34.457607	1
CTTCA	10527140	1.9719253	19.538376	1
CAAGG	6737295	1.9436247	20.220673	1
GAGGG	5045250	1.9099098	8.171361	11
CAGCT	6653420	1.9046373	31.68387	2
ACCTA	9259145	1.8789822	18.153551	16
CCTAA	9207310	1.8684632	18.326712	17
TCCAA	9103630	1.8474232	24.88999	1
GAGCT	6850645	1.8242593	24.486866	2
CCTCA	5904315	1.8169756	10.428611	4
TTACC	9684075	1.8140038	17.467249	14
TCTTC	10356865	1.790757	9.432924	6
AGCTG	6631285	1.7658459	17.26103	3
AAAGT	14160585	1.7627587	12.5363245	10
GTTAC	10103245	1.7604702	16.243063	13
TCCTC	6186780	1.7574078	15.367011	3
AAACT	13103520	1.753525	12.569859	20
AAGTT	15247550	1.752024	11.642594	11
GCAAG	6058280	1.7477374	25.845419	1
CCAAT	8605320	1.7462997	25.093327	2
TTCCT	10086495	1.7440085	27.022318	2
TACCT	9279075	1.7381399	17.256296	15
TCCTT	10036615	1.735384	19.183107	2
AACTT	13994190	1.7286217	8.194616	2
CTTCC	6032360	1.7135434	9.519478	1
GCTTG	6880575	1.6912513	21.221348	1
TTGAT	15826900	1.6786652	7.447197	9
GCCGA	3805390	1.6647685	34.529594	1
GGATG	6619065	1.6396061	20.225384	1
TGCCT	6195330	1.6370429	35.912395	2
CCGCA	3471435	1.6325855	50.14001	1
GTCCT	6160380	1.6278077	29.12217	1
GCTGC	4012960	1.6204952	5.7440934	4
CCTCC	3448390	1.609251	7.0464025	4
TGGAG	6450725	1.5979066	5.8425794	6
CTAAA	11855165	1.5864688	12.320536	18
CCTTC	5540185	1.5737369	9.213596	3
CATCA	7750955	1.5729214	7.8303537	4
CCTTG	5780025	1.5273035	10.058231	3
GCTGG	4051760	1.5219991	10.107347	4
AGCTT	8675065	1.5116127	12.757947	2
AGCTC	5263360	1.5067127	18.435608	3
CTTGT	9314560	1.4981606	13.783467	2
CTCTC	5197370	1.4763575	9.97843	5
GCTGT	5937270	1.459386	15.794471	2
TTGCA	8368685	1.4582266	16.594698	1
TGAAA	11647205	1.4498847	5.7324467	6
TAAAC	10787790	1.4436319	12.130029	19
GAGGT	5826695	1.4433284	5.1839166	11
CTCTG	5427940	1.4342693	8.409159	5
ATTCC	7633855	1.4299604	22.962742	1
GCCTC	3282360	1.4248903	18.764965	3
ATCAA	10645965	1.4246526	5.741461	5
CTGGA	5327960	1.4187833	9.854113	1
TCATC	7553615	1.4149297	10.178732	3
TGGAA	8051830	1.4139104	5.7896204	6
CTCCA	4592985	1.413431	5.704417	5
TGTTG	9393325	1.4054103	7.156072	6
CTATG	8062080	1.4048012	10.834253	23
TTCAA	11367015	1.404102	5.45394	5
CTGAG	5270705	1.4035368	16.812513	1
CGCTG	3452235	1.3940659	26.001799	3
CAAGT	7343610	1.3862741	16.994276	2
AGTTA	12016670	1.3807789	10.929522	12
GCTGA	5155750	1.3729255	7.9095206	4
TTGTT	14021470	1.3727455	10.032177	5
CTCTT	7933660	1.3717719	11.752188	5
CCTCT	4808935	1.366019	12.741726	4
TTCTT	12965770	1.3646053	5.756203	5
CTGTT	8468785	1.3621255	16.897549	5
CAACT	6708635	1.3614005	12.827594	1
TCACA	6703885	1.3604368	23.039951	6
GCTTC	5146370	1.3598676	5.332362	3
CGCAT	4747095	1.3589243	31.696682	2
GAGTG	5475910	1.3564357	6.2530932	3
GCTAT	7754730	1.3512461	26.571358	1
AGGTG	5422740	1.3432649	5.792382	3
AGTTG	8269945	1.3404734	7.2583084	1
TCTCA	7132855	1.3361138	9.776861	6
ATGTG	8243045	1.3361132	10.151461	25
TCTCC	4699165	1.334838	6.5383744	6
CTTGG	5429065	1.3344688	6.029355	5
TTGAC	7657960	1.3343842	16.971087	1
TGAGT	8222980	1.3328608	10.625538	2
ACTCT	7103525	1.3306197	20.390093	2
TGGGG	3745980	1.3089525	8.403115	6
CTCCT	4598530	1.3062518	6.961536	5
TTTTG	13320710	1.3041389	6.5521135	6
GCTCA	4547035	1.3016543	13.4706545	4
CTTGA	7438280	1.2961054	5.806992	5
GCCTT	4885560	1.2909516	7.6836233	3
TGGGA	5196645	1.2872589	7.452341	6
TTCAT	11277680	1.2858794	12.360733	2
AACTA	9605430	1.2854073	9.237768	21
GATGT	7879030	1.2771101	14.20689	2
GCGCT	3153150	1.2732906	28.719355	2
AACTC	6262350	1.2708348	18.258343	1
TCAAG	6715730	1.2677475	5.003335	6
CCTTT	7308265	1.2636378	5.3015757	4
TCTGT	7768335	1.2494646	10.129751	2
AGCGC	2851255	1.2473569	23.668728	1
GCTCT	4719305	1.2470207	14.251895	4
TCTTG	7714275	1.2407696	7.5247416	6
GATTT	11697055	1.2406372	6.3294644	2
TTCTC	7163785	1.2386564	5.03634	5
CTCCC	2645570	1.2346013	5.0604253	5
TCTTT	11721140	1.2336121	9.120182	6
GCATC	4283840	1.226311	16.135181	3
CTTTT	11619505	1.2229153	5.2570534	5
TGACT	7005175	1.2206377	19.849548	2
AAGGT	6911820	1.2137235	12.466868	2
GCTCC	2789515	1.2109436	8.603589	4
TCCTG	4575960	1.2091435	13.247946	3
TGCAT	6925340	1.2067267	16.769135	2
GTTGT	8039625	1.2028724	7.803303	2
CTATT	10522690	1.1997955	17.561506	2
AGTCT	6851770	1.1939071	19.648916	2
TCTCT	6888625	1.1910799	6.036172	4
CATCT	6327050	1.1851718	9.696126	4
TCATA	9594075	1.1851008	16.090887	1
CGCTC	2700000	1.1720846	27.52258	3
TCTGG	4760275	1.1700797	5.9824204	6
CCGTT	4410300	1.1653696	32.167366	1
CATCC	3749835	1.1539627	5.261096	4
GCATT	6622215	1.1539077	10.113508	2
TCTAT	10114615	1.1532668	11.389619	2
GCCTG	2854915	1.1528587	12.908455	3
CTGAA	6072930	1.1464043	5.9667697	5
TAGCT	6536170	1.1389146	12.574752	1
GCATG	4263645	1.1353667	15.109811	3
GTCAA	6005155	1.1336102	5.9905543	5
TGATC	6503080	1.1331488	6.015383	1
TATCA	9134735	1.1283613	10.409929	1
ATCAT	9112440	1.1256073	10.478816	2
CATAT	9109590	1.1252552	17.104792	2
ACTCA	5542540	1.124762	6.7374606	4
ACTAT	9103480	1.1245005	8.327489	22
CTGGG	2993530	1.1244867	8.262107	5
ATGTT	10597395	1.1240027	11.671011	5
CTGTG	4563440	1.1216974	9.173187	3
CAATG	5903920	1.1144998	5.912918	3
CAATT	9021960	1.1144308	10.33106	2
GCCAG	2545320	1.1135175	5.2615576	1
TGGAT	6869690	1.1135063	6.071629	2
ACGCT	3886080	1.1124463	35.05439	2
GCTTT	6885260	1.1074302	5.943117	4
GATAC	5866260	1.1073908	23.426737	1
TACGC	3849015	1.1018361	34.45306	1
CAGTT	6310770	1.099639	14.794414	2
TGTCT	6813045	1.0958151	7.7368813	4
TGTGG	4788240	1.0948309	6.0095673	6
TTCAC	5834695	1.0929447	7.1463923	5
GTCTT	6789115	1.0919663	7.376904	5
CATGG	4095420	1.09057	5.3160176	4
CTCGT	4112110	1.0865766	17.597767	2
TCAGT	6218995	1.0836474	14.593022	1
ATTGA	9426075	1.0831058	5.9064755	1
CTATA	8741620	1.079802	5.71254	3
TCATG	6191210	1.0788059	9.973582	3
GTCTG	4363340	1.0725127	7.6137385	3
TAGTC	6137225	1.0693992	19.569939	1
AGCTA	5659140	1.068292	11.170347	3
ATTCA	8639405	1.067176	5.2141356	4
TCTGC	4004155	1.0580508	5.7266045	6
CTGTC	3999065	1.0567057	10.250531	3
GTGGG	3011560	1.0523251	5.605766	5
TGTCA	5992755	1.0442256	6.464153	4
GGACT	3888135	1.035372	15.804618	2
TATGT	9753335	1.0344783	6.7500687	24
ATCTG	5908090	1.0294728	6.671303	1
TAAAA	11662055	1.0291322	5.3649826	6
CTCAG	3589805	1.0276334	6.453481	5
GACTC	3586335	1.0266402	13.460733	3
CCTGG	2533960	1.0232522	6.4214664	4
CGATT	5852715	1.0198239	18.492477	2
GTCTA	5831845	1.0161873	17.294567	1
CTCAC	3283765	1.0105357	11.737741	5
GTCTC	3823270	1.010254	7.7926598	3
ATCTC	5385825	1.0088632	6.0150256	5
CTCAT	5374040	1.0066557	5.44902	5
CATGT	5775945	1.0064468	11.448265	4
CCGAT	3487325	0.998297	23.555937	2
GTTCT	6199995	0.99721164	5.707314	4
ATCTT	8720925	0.99435854	6.5706067	5
CCTAT	5306405	0.99398637	16.6188	2
TGTGA	6118345	0.991721	5.40136	6
CAATC	4884100	0.991143	7.3743987	3
GTTTC	6144120	0.98822474	5.5393963	3
GATCT	5624285	0.9800204	6.593002	2
AGAGT	5557080	0.9758296	7.8250155	2
TCTGA	5593340	0.97462827	6.0195007	6
TCCTA	5148475	0.96440333	8.82975	3
TGTTC	5953625	0.9575854	5.3657928	6
ACTCG	3344195	0.957324	16.349817	1
CTCTA	5091275	0.95368874	7.1810427	5
ATCAC	4698335	0.95344526	7.8341722	5
GGCGT	2534725	0.9521416	25.034348	1
AGTGT	5862410	0.9502366	6.4592156	4
TTGTC	5887685	0.9469796	6.21096	3
TAGAG	5388970	0.94630927	7.8586264	1
CCTGT	3571480	0.9437215	11.713004	4
AGTCA	4934845	0.93156475	6.0526805	4
ATAGT	8031930	0.92291117	5.8403106	2
ATACT	7465860	0.92221475	15.403593	2
GACTG	3453155	0.9195412	11.11612	3
CGTCC	2115145	0.9181959	16.904707	1
CTATC	4888125	0.91563493	11.186158	3
TCGTT	5672840	0.91242373	16.057734	2
CGGAC	2082985	0.91125685	23.99895	1
GGTAG	3667915	0.9085778	7.5160136	1
CGTTT	5631515	0.905777	20.377956	2
GTTCG	3654785	0.8983492	19.954676	1
TATTT	12942745	0.8982709	5.9818516	6
AGGTC	3320210	0.8841393	6.0979133	3
GAGTC	3314120	0.8825176	9.089881	3
GTAGT	5435150	0.88098216	5.0267196	2
ATTCT	7714880	0.8796495	5.584133	4
ACTGG	3301095	0.8790491	5.0403314	4
ATTGT	8120320	0.8612741	5.8213506	4
GTTAA	7427515	0.85346067	10.59643	1
TCGAT	4878825	0.8501255	18.224102	1
CGTTG	3455575	0.8493833	13.236307	3
CGCTT	3207895	0.84764844	13.201979	3
ATATG	7355685	0.8452071	6.012487	3
ATGTC	4795585	0.8356212	6.3013134	3
TACTC	4431845	0.8301653	8.589436	3
CCTTA	4389710	0.8222727	5.581257	3
GCTAA	4311965	0.81398195	6.1991587	4
GCCTA	2843000	0.81384975	10.774591	3
GCATA	4296415	0.81104654	9.983362	3
TACTG	4645495	0.8094682	8.388327	3
GTAGC	3036880	0.8086913	6.00447	1
TCGTC	3040010	0.8032868	10.612572	3
TATCT	6995580	0.7976351	5.654106	4
ATATC	6378460	0.7878945	6.72123	3
GAGTA	4465825	0.78420395	5.9696045	3
AATAG	6279325	0.7816722	5.30805	1
GACTT	4477945	0.78027296	6.170824	3
ACTGT	4469165	0.778743	7.2920322	4
TGTAA	6739205	0.7743702	5.5360947	6
CGATG	2902115	0.7728047	6.6000266	3
TCTAA	6244510	0.77134836	5.8642645	6
GACTA	4082720	0.7707067	9.411618	3
GTCAC	2690870	0.7703003	7.6350656	5
CTTAC	4108060	0.7695145	6.9941216	1
TGTTA	7247890	0.7687406	5.069647	6
CTGTA	4366415	0.76083905	5.7763996	3
TATTC	6627970	0.75572014	5.0980134	3
TTCGT	4561795	0.73372245	13.028811	2
TTAAT	9729465	0.7315459	7.005375	2
CGTTC	2712910	0.71685445	13.438002	3
GCGTT	2856645	0.7021657	17.409372	2
TCGTG	2800110	0.68826944	10.100881	3
CCCGC	958550	0.68361175	9.669577	1
CGATC	2372125	0.679055	6.749715	3
ATCGT	3722225	0.64859027	12.363442	1
GGCGC	1041850	0.6429474	5.7019076	1
CGCTA	2243935	0.6423588	14.672999	3
CCGCT	1400515	0.6079711	6.462281	2
TCGCT	2007395	0.53043044	5.429877	2
CGTTA	2857550	0.49792236	7.614394	3
TCGTA	2808420	0.48936155	7.2368455	3
CGTGT	1659940	0.40801466	5.202977	4
>>END_MODULE
